24 26 13
5
23 26 14 9 13 
13
9
22 25 24 6 26 19 5 2 23 
23
23
24 26 12 18 7 11 9 17 10 8 16 22 1 21 13 25 6 5 15 23 19 20 14 
14
12
14 1 23 11 17 15 21 9 3 25 12 24 
24
3
14 18 8 
8
25
25 21 9 20 19 11 7 24 5 4 23 3 22 6 14 10 8 13 15 16 18 2 12 26 1 
1
6
9 7 13 18 17 25 
25
25
19 22 14 8 25 26 11 24 23 5 21 7 12 13 1 15 2 10 20 18 17 3 9 6 4 
4
21
1 16 7 23 11 18 20 3 15 21 2 22 10 4 12 14 9 13 19 6 5 
5
3
1 8 25 
25
16
5 25 11 17 7 4 8 18 22 9 2 19 24 16 14 13 
13
10
15 1 20 7 3 19 13 25 24 6 
6
8
24 10 2 19 20 1 26 25 
25
1 16
13 7
4 24
6 12
1 19
10 21
2 8
3 22
1 20
13 20
11 15
8 20
7 10
