43 28 20
25
3 7 12 4 24 27 26 5 11 14 8 6 25 20 15 9 19 1 16 23 28 13 21 18 22 
22
27
5 19 23 1 2 3 14 10 16 20 8 17 18 24 4 27 21 7 15 28 13 25 9 6 26 22 11 
11
26
9 19 25 23 5 18 28 21 7 13 24 2 4 11 12 20 15 8 14 3 10 16 1 27 17 6 
6
5
11 17 15 28 23 
23
2
24 7 
7
28
2 4 6 20 17 26 3 28 19 11 23 21 9 24 27 1 5 13 7 18 8 10 15 25 16 14 22 12 
12
27
10 11 7 2 20 8 26 3 5 13 18 17 22 16 15 14 23 19 12 9 24 6 21 27 1 25 4 
4
15
6 13 22 16 28 21 26 3 10 19 11 14 25 20 23 
23
13
25 10 19 6 2 15 13 24 14 22 17 20 18 
18
9
8 11 16 22 14 3 18 1 24 
24
12
2 6 11 14 27 3 1 9 19 18 8 17 
17
24
23 6 20 21 1 7 4 25 9 17 2 16 3 10 14 28 19 8 5 15 24 11 18 27 
27
1
20 
20
16
6 5 1 12 3 15 18 21 26 28 4 8 24 11 14 16 
16
7
20 6 9 19 7 1 21 
21
17
10 5 1 6 9 13 17 16 19 12 14 7 26 4 24 15 2 
2
2
13 21 
21
12
2 1 9 8 22 18 23 11 24 15 25 6 
6
25
18 21 19 14 11 27 25 12 7 8 9 22 28 23 2 26 4 3 17 13 20 1 16 10 5 
5
20
19 2 5 22 16 11 9 18 26 4 20 13 23 3 7 15 12 10 28 1 
1
15 33
7 25
14 10
18 5
17 35
15 12
19 31
11 14
14 35
1 38
11 31
13 13
6 32
7 23
7 13
10 9
4 28
12 41
4 35
7 34
