29 50 8
33
29 47 9 32 25 19 18 5 34 1 2 33 43 22 35 17 31 41 21 39 13 26 3 44 40 49 12 48 15 20 7 30 36 
36
20
2 44 40 13 49 26 47 21 37 11 8 27 16 18 31 5 6 10 50 32 
32
15
35 49 34 8 44 26 43 3 27 45 5 18 25 42 50 
50
10
37 43 15 45 38 16 24 4 19 39 
39
35
1 26 9 24 22 37 21 14 16 47 39 42 17 40 50 3 11 43 19 32 4 38 29 44 36 8 7 10 6 23 45 46 27 31 33 
33
3
30 42 8 
8
26
23 42 47 43 14 2 22 17 41 28 6 30 16 8 11 40 29 24 20 27 36 31 37 7 35 18 
18
44
46 36 7 43 34 30 27 41 47 40 16 1 2 6 21 31 23 24 12 19 49 9 11 39 20 37 28 29 14 38 15 26 13 5 50 42 32 25 4 33 45 48 44 17 
17
5 3
3 15
4 26
1 23
1 27
4 18
8 7
6 3
