5 31 19
12
4 14 29 18 6 3 8 13 2 21 27 17 
17
7
10 16 8 11 28 5 13 
13
13
15 5 18 19 3 23 30 10 14 11 25 20 1 
1
12
6 16 10 9 4 17 31 19 8 28 1 11 
11
19
26 8 1 5 2 17 10 13 21 28 11 31 22 30 6 29 3 14 9 
9
11
25 4 10 19 21 23 26 11 9 27 20 
20
5
3 29 18 5 2 
2
5
17 6 9 24 28 
28
16
26 19 2 18 11 17 22 28 13 21 10 3 14 24 31 12 
12
21
25 2 5 13 3 27 6 4 11 26 21 18 29 7 20 24 1 9 10 23 30 
30
24
8 3 15 14 1 28 18 16 24 30 22 26 7 29 25 4 10 9 5 2 12 13 19 17 
17
16
12 5 31 19 10 9 4 27 13 26 16 28 7 23 30 8 
8
13
15 23 31 25 30 22 18 14 2 13 11 7 5 
5
18
16 20 30 12 1 25 8 21 15 10 5 29 11 31 27 28 14 2 
2
8
3 7 31 11 12 22 10 14 
14
18
10 26 30 21 17 23 18 5 2 12 4 20 16 7 27 6 11 24 
24
10
11 9 23 6 13 30 19 2 4 5 
5
16
20 14 31 2 13 6 3 7 10 21 27 16 12 18 1 8 
8
11
28 17 31 13 15 20 26 1 3 4 12 
12
18 4
13 5
11 2
7 5
14 4
16 3
9 2
1 1
9 3
1 3
11 3
10 5
3 5
17 5
14 5
10 1
13 4
7 4
2 2
