10 27 13
19
8 13 5 1 14 24 10 2 23 16 12 4 6 18 25 3 26 11 21 
21
8
1 12 8 3 21 9 13 2 
2
12
14 12 16 6 23 7 26 1 8 3 5 18 
18
2
9 8 
8
17
9 12 24 15 16 21 6 2 22 18 8 3 14 23 20 10 4 
4
18
25 5 23 10 3 20 19 4 8 1 7 27 21 12 15 9 16 11 
11
7
2 7 3 26 1 6 13 
13
10
7 27 2 11 8 23 12 3 24 10 
10
18
24 16 13 1 17 11 22 23 21 10 20 19 6 5 15 8 27 25 
25
1
22 
22
20
26 7 15 21 2 20 1 18 16 22 25 8 23 11 10 3 19 14 17 5 
5
4
10 15 1 7 
7
22
5 27 18 19 7 21 12 16 14 3 24 15 23 6 4 8 9 1 10 20 22 13 
13
5 9
1 4
1 10
7 9
12 6
4 9
5 4
3 1
10 10
6 2
6 1
9 5
12 2
