35 29 11
16
12 22 9 18 23 28 20 14 15 25 26 13 2 29 16 4 
4
22
28 21 14 10 27 25 29 11 20 18 12 17 22 3 2 8 23 6 7 19 13 16 
16
28
26 25 29 22 17 15 13 24 8 11 5 4 2 27 12 21 1 19 28 7 23 6 18 9 3 20 14 10 
10
5
27 15 2 28 8 
8
20
14 3 27 12 28 15 22 5 8 19 4 20 26 17 25 23 13 2 29 1 
1
19
29 23 5 13 27 24 28 15 14 9 1 12 21 16 19 4 26 22 2 
2
3
6 28 10 
10
6
2 12 4 19 28 5 
5
14
25 3 9 6 22 4 15 17 20 27 12 1 11 18 
18
12
10 18 13 20 14 16 9 28 29 25 27 26 
26
21
10 24 7 8 13 22 19 4 3 9 25 16 29 12 23 2 20 17 11 21 27 
27
7 34
8 18
8 33
5 21
3 21
3 18
11 35
8 15
6 11
6 22
8 23
