12 19 18
13
7 9 18 3 10 15 2 16 19 1 6 14 4 
4
19
14 1 17 8 11 3 12 15 2 19 6 18 7 5 10 9 4 16 13 
13
3
16 15 11 
11
19
2 13 4 1 17 10 14 5 16 9 6 18 3 19 8 12 11 15 7 
7
15
4 16 17 11 18 10 15 1 7 2 9 14 3 5 6 
6
1
18 
18
17
19 16 11 18 10 15 8 3 9 5 6 13 7 4 12 14 1 
1
15
2 7 12 5 16 19 10 18 1 13 15 14 9 11 17 
17
5
6 10 1 13 8 
8
6
7 16 6 4 10 12 
12
4
4 7 12 13 
13
8
16 6 3 15 18 4 5 1 
1
18
7 10 17 4 16 15 2 19 18 9 6 13 11 14 8 12 1 5 
5
4
18 15 17 10 
10
3
8 18 4 
4
12
6 4 19 18 12 5 7 17 9 11 8 10 
10
18
13 10 15 9 11 8 7 2 16 19 4 17 5 6 14 1 12 3 
3
17
14 18 7 1 9 6 13 12 4 19 16 10 11 5 8 15 3 
3
9 10
6 12
8 11
18 7
16 4
8 6
8 5
13 3
6 3
3 1
17 8
9 9
10 5
8 11
12 8
12 12
16 3
3 1
