43 46 17
30
27 21 29 41 15 36 7 38 43 23 39 46 37 45 18 40 10 5 17 33 8 30 24 32 4 14 19 2 31 34 
34
21
23 36 25 13 21 45 34 43 30 3 29 6 28 35 42 4 44 18 41 46 10 
10
12
33 17 10 20 29 35 40 42 14 22 4 7 
7
26
20 15 41 18 13 26 43 45 35 14 22 32 11 31 44 34 10 3 16 17 23 33 30 9 29 1 
1
5
16 8 28 27 34 
34
4
38 17 27 9 
9
6
31 45 16 19 30 26 
26
7
16 36 28 1 4 43 40 
40
41
32 15 17 12 30 43 22 1 2 34 14 23 20 29 5 36 27 28 26 39 19 38 11 4 45 40 25 13 31 42 24 46 33 18 41 21 9 35 8 7 6 
6
41
30 37 8 38 14 44 43 46 12 24 9 1 45 17 7 11 25 27 40 20 42 29 2 13 31 4 5 41 35 6 15 28 10 36 19 23 34 3 16 33 18 
18
46
8 36 7 28 15 16 39 43 9 13 1 11 37 38 4 2 12 18 30 19 40 10 17 34 31 14 45 26 42 24 23 41 35 25 5 32 3 29 21 6 20 44 22 33 27 46 
46
18
41 40 3 21 9 16 31 23 36 22 42 6 33 12 32 44 14 17 
17
16
38 30 16 40 31 29 28 17 10 3 37 25 41 19 35 44 
44
28
40 43 32 41 16 2 6 15 46 7 37 10 39 5 22 36 24 34 18 8 23 27 13 33 21 28 11 3 
3
43
32 35 23 44 40 11 9 27 29 20 6 1 19 18 37 13 36 10 42 4 46 38 30 41 28 45 16 14 26 17 5 25 22 24 21 34 43 31 33 39 8 3 15 
15
33
12 39 18 42 23 35 13 1 46 11 38 45 36 19 33 30 29 44 37 31 21 40 4 6 41 43 34 27 17 14 24 3 9 
9
35
1 24 25 45 31 7 10 36 4 46 27 6 17 18 21 32 43 39 23 19 38 41 44 29 9 37 14 15 13 16 12 33 42 30 20 
20
14 11
8 14
12 17
12 7
6 38
1 8
13 13
3 5
9 4
14 2
14 9
11 42
17 24
3 32
16 38
15 38
14 5
