22 36 10
31
11 33 14 19 31 9 32 35 30 1 13 6 26 21 15 36 23 5 8 24 2 20 18 16 17 28 27 10 22 29 12 
12
15
27 34 17 36 10 24 31 9 5 23 1 14 6 3 8 
8
20
35 21 8 5 16 27 31 22 7 17 23 32 20 28 10 24 25 11 13 4 
4
34
7 3 10 9 8 30 1 35 31 29 11 13 16 33 36 14 6 5 12 18 2 23 4 28 19 15 20 21 27 24 34 26 22 32 
32
32
17 13 29 34 10 36 24 6 3 32 26 27 30 8 15 9 14 19 28 23 12 31 35 2 5 20 22 7 18 21 1 16 
16
20
21 33 14 27 28 26 4 11 34 17 6 8 13 12 31 5 24 35 2 23 
23
20
19 34 16 35 7 1 5 30 11 22 12 2 18 20 24 13 4 14 26 25 
25
27
33 14 30 16 22 11 25 1 29 13 28 7 15 26 19 5 34 24 4 31 20 35 27 21 9 17 23 
23
17
2 19 26 17 30 20 21 5 27 34 1 4 13 25 11 29 36 
36
3
12 36 11 
11
8 22
5 16
8 19
1 20
3 21
2 9
2 2
9 19
8 14
9 4
