2 42 18
37
29 30 22 41 34 10 2 8 13 26 11 23 20 19 14 4 17 32 15 25 39 35 7 1 21 42 5 33 12 36 24 40 28 37 31 38 18 
18
23
38 2 33 30 35 9 6 4 14 42 24 34 15 29 3 12 11 22 5 25 31 26 18 
18
25
7 29 37 15 3 36 9 19 41 2 27 17 16 21 26 8 22 38 40 39 35 31 23 10 6 
6
20
20 26 13 33 19 27 39 9 11 4 2 5 17 41 16 1 42 6 29 12 
12
16
8 24 13 38 11 23 3 1 40 39 41 4 20 10 19 9 
9
22
22 8 6 28 1 41 17 42 20 34 33 36 38 11 13 4 24 7 39 18 5 16 
16
35
18 15 28 11 34 20 24 37 8 29 3 31 6 30 26 32 1 21 5 14 12 23 7 40 38 22 19 33 36 17 4 13 25 42 9 
9
8
12 42 33 34 25 30 2 31 
31
18
2 7 4 40 39 6 36 12 29 26 33 19 20 9 1 15 11 42 
42
34
30 3 23 8 29 12 6 18 15 28 1 34 11 9 20 16 40 13 38 31 33 19 39 2 7 4 21 24 41 5 37 14 10 36 
36
21
27 17 41 2 40 24 23 13 36 19 33 25 42 22 6 16 38 5 1 12 35 
35
2
31 41 
41
9
11 17 4 33 10 20 16 30 26 
26
2
2 21 
21
13
35 15 28 31 8 41 11 7 39 18 37 25 4 
4
12
2 39 16 1 18 3 33 17 37 24 35 42 
42
1
18 
18
21
21 10 4 12 26 13 38 17 22 20 11 14 1 35 2 6 16 15 40 19 29 
29
7 2
14 1
3 1
14 1
17 2
2 2
12 2
1 2
13 1
5 2
5 2
8 2
9 2
2 1
14 1
7 2
12 1
9 1
