14 46 16
30
32 1 27 31 38 33 19 25 37 4 42 23 17 22 40 10 2 24 16 34 21 30 6 13 29 26 28 35 9 8 
8
36
22 15 37 11 34 31 16 18 27 38 40 30 29 33 4 8 35 9 42 32 10 13 39 36 28 1 14 5 20 19 46 12 3 21 25 17 
17
24
20 18 15 43 35 44 37 33 16 17 31 40 32 14 6 27 7 9 46 29 34 13 38 11 
11
10
19 4 29 21 38 14 18 27 15 24 
24
37
10 1 21 24 14 7 2 41 15 4 34 22 44 38 19 39 46 33 45 31 13 30 17 9 28 20 12 36 43 6 29 5 27 3 23 18 40 
40
13
42 9 5 8 31 11 17 22 2 3 19 40 7 
7
10
6 44 40 2 20 17 31 22 7 38 
38
7
31 5 12 6 37 44 38 
38
38
1 28 9 16 26 13 35 18 21 44 42 23 43 40 20 27 10 8 45 46 4 24 29 11 25 39 19 38 36 32 12 34 6 33 7 3 5 30 
30
27
9 38 12 18 35 44 25 41 15 10 11 19 31 37 24 27 17 26 39 29 33 13 3 2 42 1 16 
16
6
26 11 33 10 28 31 
31
36
10 1 19 7 16 14 42 31 22 37 46 38 18 28 11 15 41 32 29 36 45 4 33 3 25 21 43 8 24 44 23 26 6 5 34 9 
9
3
1 35 2 
2
37
29 37 31 43 2 33 44 19 39 46 21 22 5 14 23 24 17 42 10 27 34 9 32 36 1 38 7 3 16 35 20 13 26 15 6 12 40 
40
17
22 30 44 11 8 5 32 12 37 41 31 28 40 25 13 23 33 
33
6
22 4 7 10 25 8 
8
6 7
1 11
14 10
9 14
8 5
2 9
4 7
8 10
3 9
4 11
14 8
12 3
8 1
12 4
4 9
15 6
