21 19 18
13
5 6 2 8 18 19 16 9 11 15 12 10 3 
3
11
15 3 13 8 11 2 14 19 10 18 9 
9
12
19 8 14 10 4 16 2 18 9 5 3 15 
15
16
11 7 13 10 5 9 16 1 6 14 4 19 15 3 17 18 
18
7
11 15 10 4 8 1 16 
16
10
11 6 8 16 9 2 18 5 13 4 
4
5
15 7 17 16 6 
6
19
4 7 10 8 14 2 1 5 12 17 9 13 15 19 6 3 18 16 11 
11
7
7 5 12 18 19 17 2 
2
11
5 8 11 18 16 1 4 17 15 13 14 
14
9
6 1 7 9 5 2 14 3 4 
4
5
11 14 1 13 2 
2
12
5 9 11 6 10 2 8 3 17 18 14 15 
15
1
6 
6
15
4 16 6 19 17 3 5 13 12 18 7 8 14 15 9 
9
19
1 8 17 5 18 12 13 14 9 19 11 6 15 3 4 16 10 7 2 
2
12
17 16 8 10 12 11 9 14 4 18 13 3 
3
15
9 10 3 19 2 15 11 1 6 13 12 8 14 5 16 
16
7 6
2 13
4 2
7 5
5 1
1 17
5 11
8 3
15 13
5 1
2 1
10 10
17 17
16 9
2 15
17 11
10 21
10 2
