5 50 7
20
17 11 42 1 23 50 36 39 3 29 27 22 38 19 20 40 41 35 8 14 
14
22
8 50 39 34 23 7 31 4 14 30 10 18 43 20 32 35 21 45 41 29 36 17 
17
38
46 49 31 39 42 33 50 17 12 6 16 9 32 41 48 22 36 23 19 43 28 40 45 34 10 37 2 47 35 4 13 7 25 5 30 21 27 15 
15
8
1 38 16 6 11 47 8 15 
15
12
13 39 50 1 36 9 48 27 14 6 35 40 
40
29
2 26 23 45 35 20 18 3 24 42 48 38 37 7 19 34 14 21 11 15 27 4 5 17 31 12 6 8 36 
36
21
24 30 40 17 8 33 31 3 10 15 48 36 34 41 2 18 25 21 46 20 49 
49
7 5
1 4
3 2
3 1
6 3
1 3
1 4
