46 44 13
43
27 24 17 14 40 34 31 29 4 42 41 28 36 16 30 38 8 43 13 20 22 5 6 3 21 18 2 7 35 44 12 26 19 9 39 10 1 15 25 33 23 32 37 
37
42
31 20 3 44 43 8 33 11 40 5 22 9 27 2 29 7 17 34 12 1 30 41 13 19 38 10 26 23 15 35 39 14 36 28 25 16 4 42 21 37 6 18 
18
1
28 
28
6
16 42 29 25 11 44 
44
11
7 31 38 21 11 17 1 27 23 34 19 
19
24
19 33 24 13 10 6 34 14 37 20 36 35 2 44 4 32 17 43 30 15 41 12 27 26 
26
2
33 16 
16
10
39 16 36 34 8 11 5 37 19 24 
24
43
43 40 9 16 30 3 19 4 38 14 12 37 25 33 1 10 44 5 11 20 17 27 28 35 24 2 21 15 42 7 18 31 8 6 29 39 22 32 34 41 13 36 23 
23
40
19 4 38 11 37 36 15 12 31 21 18 30 27 17 25 3 26 28 40 41 43 6 23 22 16 7 29 2 35 5 1 24 14 20 8 44 9 39 32 13 
13
23
39 18 38 41 11 29 9 4 26 30 14 27 21 19 20 13 2 8 6 16 3 35 40 
40
21
6 4 34 43 27 18 1 7 30 19 17 8 24 13 38 40 5 16 32 37 3 
3
12
18 27 3 20 28 21 41 38 22 11 12 15 
15
9 38
3 10
2 30
1 9
1 36
11 8
11 28
12 9
11 45
5 27
4 40
12 35
13 19
