5 45 18
45
27 26 29 20 45 28 9 6 11 24 34 19 39 16 22 40 12 41 38 2 17 37 15 21 44 23 3 30 31 13 18 36 43 25 42 7 4 33 14 1 8 32 35 5 10 
10
36
9 41 23 15 36 14 40 1 43 10 38 33 25 27 24 19 28 7 31 11 37 5 42 8 12 17 30 18 22 26 6 13 4 3 20 21 
21
11
34 15 21 4 40 29 38 36 14 27 2 
2
41
34 39 29 17 4 41 12 16 3 21 28 2 22 5 33 44 7 27 40 15 6 1 23 11 26 38 31 35 10 9 24 20 45 25 8 32 42 14 19 30 37 
37
6
19 3 23 42 31 6 
6
39
8 26 42 24 15 35 6 17 40 23 22 44 39 9 14 18 32 1 19 16 38 10 41 34 7 20 43 45 2 33 12 21 37 25 3 27 30 36 11 
11
2
1 18 
18
17
3 37 26 31 40 5 6 39 20 8 22 11 18 21 27 9 14 
14
27
32 4 44 17 40 27 25 42 22 9 29 28 11 45 21 15 3 31 1 2 18 39 8 33 5 7 41 
41
16
31 24 15 43 44 12 39 3 14 13 21 17 1 41 18 35 
35
12
31 6 33 30 34 22 26 8 42 4 39 43 
43
33
38 3 43 36 40 41 35 31 12 19 45 9 7 26 11 18 16 2 30 23 22 5 42 33 13 6 28 44 24 4 25 14 8 
8
45
17 44 37 27 19 39 36 42 16 29 2 4 8 14 30 9 35 13 43 32 26 3 1 41 31 38 33 34 11 21 5 23 22 25 24 15 10 20 18 12 7 6 45 40 28 
28
1
5 
5
24
40 15 4 30 10 26 36 5 17 24 12 38 45 39 27 1 33 35 44 21 14 16 19 6 
6
43
3 31 14 32 29 6 18 28 9 44 12 45 24 4 41 7 22 26 5 38 21 42 34 2 40 10 19 23 17 25 39 36 27 13 11 33 37 20 30 15 16 35 1 
1
36
10 1 6 8 28 3 19 33 24 36 29 16 23 39 17 43 41 5 32 37 44 26 15 31 18 20 38 40 27 13 4 2 14 11 21 45 
45
41
6 43 5 39 8 29 21 37 27 41 24 45 12 28 35 11 16 25 20 36 3 13 19 7 15 2 42 26 10 17 32 23 40 44 34 31 18 1 14 22 38 
38
16 4
13 1
3 3
1 5
5 4
5 4
13 2
4 4
13 3
12 1
3 2
2 4
13 1
6 5
6 2
6 4
4 2
6 1
