14 40 13
29
15 26 16 11 6 10 27 21 14 31 5 23 13 22 35 20 2 38 18 17 32 29 19 4 9 3 40 37 7 
7
17
28 21 20 34 30 35 15 3 2 22 16 38 14 9 36 12 11 
11
32
37 15 5 1 33 8 39 31 17 24 14 40 32 2 4 3 23 16 12 38 26 28 36 22 21 35 7 30 6 19 10 29 
29
19
33 36 32 17 1 13 29 21 7 12 30 40 25 22 35 27 2 37 18 
18
38
26 14 1 15 39 23 27 25 35 9 34 12 20 11 40 31 36 19 5 13 37 28 8 10 2 32 38 3 33 30 18 24 21 4 22 17 16 6 
6
2
8 21 
21
19
37 32 8 3 25 21 33 29 13 23 26 24 31 5 9 2 22 38 6 
6
11
20 3 35 7 28 1 27 12 4 5 23 
23
8
7 27 11 13 8 18 21 40 
40
26
35 30 14 27 16 29 10 26 11 22 15 25 17 28 23 38 13 24 20 1 37 36 34 2 18 3 
3
10
37 20 38 21 27 19 29 12 4 6 
6
36
39 15 17 1 6 29 40 20 26 9 33 11 19 22 24 5 18 16 4 37 14 27 36 10 7 30 32 31 8 23 38 35 21 3 25 12 
12
4
11 38 37 20 
20
4 1
4 12
1 10
10 8
10 12
8 14
3 9
1 8
3 4
3 3
4 5
9 2
7 10
